0-> {19 , 15 , 9 , 13 , 18 , 10 , 8 , 11 , 7 , 6 , 14 , 3}
1-> {18 , 16 , 14 , 17 , 11 , 15 , 9 , 4 , 13 , 3 , 10 , 5}
2-> {8 , 16 , 7 , 15 , 5 , 11 , 3 , 12 , 17 , 13 , 18 , 9 , 6}
3-> {8 , 5 , 12 , 17 , 2 , 6 , 19 , 11 , 1 , 4 , 18 , 0 , 14 , 10}
4-> {12 , 11 , 5 , 8 , 18 , 19 , 6 , 1 , 14 , 3 , 7 , 10}
5-> {19 , 3 , 8 , 4 , 2 , 7 , 14 , 12 , 9 , 16 , 17 , 1}
6-> {10 , 7 , 11 , 9 , 15 , 3 , 4 , 14 , 0 , 13 , 16 , 2}
7-> {14 , 2 , 18 , 6 , 16 , 5 , 15 , 12 , 0 , 9 , 17 , 4}
8-> {2 , 3 , 5 , 12 , 4 , 0 , 9 , 19 , 17 , 13}
9-> {19 , 0 , 10 , 8 , 14 , 6 , 11 , 18 , 1 , 7 , 5 , 2}
10-> {6 , 16 , 11 , 14 , 19 , 0 , 9 , 1 , 3 , 4}
11-> {16 , 10 , 4 , 19 , 6 , 2 , 14 , 0 , 9 , 18 , 1 , 15 , 3 , 17 , 13}
12-> {4 , 13 , 3 , 8 , 7 , 2 , 19 , 5 , 16 , 18}
13-> {12 , 0 , 18 , 15 , 19 , 17 , 1 , 6 , 2 , 8 , 11}
14-> {15 , 16 , 7 , 10 , 11 , 19 , 1 , 5 , 9 , 17 , 6 , 4 , 0 , 3}
15-> {14 , 0 , 16 , 2 , 17 , 7 , 18 , 13 , 6 , 1 , 11 , 19}
16-> {14 , 11 , 10 , 2 , 15 , 7 , 1 , 6 , 5 , 12}
17-> {19 , 3 , 15 , 1 , 13 , 14 , 2 , 11 , 8 , 7 , 5 , 18}
18-> {1 , 7 , 0 , 19 , 4 , 13 , 15 , 11 , 9 , 2 , 3 , 17 , 12}
19-> {0 , 5 , 9 , 10 , 17 , 11 , 18 , 14 , 4 , 3 , 13 , 8 , 12 , 15}
